{
 "cells": [
  {
   "cell_type": "markdown",
   "metadata": {},
   "source": [
    "### 6. Einfache statistische Kennwerte\n",
    "\n",
    "##### 6.1. Statistische Kennwerte\n",
    "Folgende Kennwerte einer Zahlenfolge $_{x1}, ..., x_{n}$ sind zu berechnen:\n",
    "\n",
    "\n",
    "|Kennwert| Berechnungsvorschrift|\n",
    "|--------|----------------------|\n",
    "|Minimum|kleinster Wert der Zahlenfolge|\n",
    "|Maximum| größter Wert der Zahlenfolge|\n",
    "|Spanne|Maximum - Minimum|\n",
    "|Arithmetischer Mittelwert| $ am = \\frac{1}{n} \\sum\\limits_{i=1}^{n}x_{i}$ |\n",
    "|Geometrischer Mittelwert | $gm = \\sqrt[n]{x_{1} \\cdot x_{2} \\cdot ... \\cdot x_{n}}$<br>Zur Berechnung siehe [Abschnitt 6.3.](#63-berechnung-des-geometrischen-mittelwertes)|\n",
    "|Quadratischer Mittelwert | $qm = \\sqrt{ \\frac{1}{n} \\sum\\limits_{i=1}^{n} x_{i}^{2} }$ |\n",
    "|Mittlere Abweichung| $ ma = \\frac{1}{n} \\sum\\limits_{i=1}^{n} \\left\\| { x_{i} - am } \\right\\| $ |\n",
    "| Median | Der Median einer Menge von Zahlen, die der Größe nach sortiert sind, ist bei ungerader Anzahl der Wert in der Mitte, bei gerader Anzahl das arithmetische Mittel der beiden Werte in der Mitte.<br>Zur Sortierung siehe [Abschnitt 6.2.](#62-sortieren-durch-vertauschen) |\n",
    "\n",
    "Bei der Programmerstellung ist folgendermaßen vorzugehen:<br>\n",
    "* Verwenden Sie zur Berechnung der Kennwerte jeweils eine eigene Funktion. Weiterhin wird das\n",
    "Füllen, Ausgeben und Sortieren eines des Feldes, sowie der Wertetausch zweier `float`-Variablen\n",
    "jeweils in einer eigenen Funktion dargestellt (siehe unten)\n",
    "* Es sollen 200 `float`-Werte berücksichtigt werden, die mit Hilfe des Zufallsgenerators `random()` (`import random`)\n",
    "erzeugt werden können (Wertebereich 0 bis 100; eine Nachkommastelle,\n",
    "die ungleich Null sein kann).<br>\n",
    "**<u>Problem!</u>**<br>\n",
    "Die Funktionen von `random` verwenden Ganzzahlen (int) als Parameter und geben Ganzzahlen zurück!<br>\n",
    "Für die Parameter `lower_value = -20` und `upper_value = 30` als Beispiel müssen Werte im Bereich -20.0 und 30.0 erzeugt werden. Selbstverständlich müssen auch die Nachkommastellen zufällig sein.<br>\n",
    "Lassen Sie sich etwas einfallen!\n",
    "* Zur Berechnung der Quadratwurzel wird die Funktion `sqrt()` verwendet (`import math`).\n",
    "* Zur Berechnung des Betrages einer `float`-Größe wird die Funktion `abs()` verwendet.\n",
    "* Die Prototypen im unten folgenden Skriptfeld sind zu verwenden.\n",
    "* Die Funktion `fill_field` füllt das übergebene Feld mit Zufallswerten die zwischen unten und\n",
    "oben liegen sollen.\n",
    "* Die Funktion `print_field` gibt das übergebene Feld in Zeilen zu 10 Werten aus.\n",
    "* Die Funktion `change` tauscht die Werte mit den Indizees `idx1` und `idx2` im Feld `field` aus.\n",
    "* Die beiden Sortierfunktionen `sort_field_ascending`und `sort_field_descending` verwenden das Verfahren, welches in [Abschnitt 6.2](#62-sortieren-durch-vertauschen) dargestellt ist.\n",
    "* Die Funktion `median` ruft zur Sortierung eine der beiden Sortierfunktionen auf. Die Daten\n",
    "werden dabei im Originalfeld sortiert, das heißt es soll kein Hilfsfeld angelegt werden.\n",
    "\n",
    "**Bei ungültigen Parametern ist ein `ValueError` mit einer aussagefähigen Fehlermeldung zu werfen!**\n",
    "\n",
    "##### 6.2 Sortieren durch Vertauschen\n",
    "\n",
    "![alt text](cpp1_a6_abb_6_1_sortieren_durch_vertauschen.png)<br>\n",
    "Abbildung 6.1.: Sortieren durch Vertauschen\n",
    "\n",
    "**Vorgehensweise.** Das erste und das zweite Element der vorgelegten Liste werden verglichen. Ist das erste größer als das zweite, so werden die beiden vertauscht. Der gleiche Vorgang wird auf das (nunmehr) zweite und dritte Element der Liste angewandt, dann auf das (nunmehr) dritte und vierte. Dies wird bis zum Vergleich des $(n-1)$-ten mit dem n-ten Element fortgesetzt. Nach $(n-1)$ Vergleichen befindet sich das größte Element am Ende der Liste.<br>\n",
    "Nach dem gleichen Verfahren wird nun in der um eine Position verkürzten Liste das zweitgrößte Element auf die vorletzte Position gebracht. Dies wird fortgesetzt an einer immer kürzer werdenden Restliste bis diese schließlich nur noch aus einem Element besteht.<br>\n",
    "Bei der Implementierung soll die Funktion `change()` verwendet werden.\n",
    "\n",
    "**Aufwand.** Bei einer Liste mit $n$ Elementen sind $(n-1)$ Durchläufe erforderlich. Beim ersten Durchlauf werden $(n-1)$ Vergleiche durchgeführt, beim letzten nur noch ein Vergleich. Der Sortieraufwand A ergibt sich durch das Aufsummieren der anfallenden **Vergleichsschritte:**<br>\n",
    "\n",
    "$$\n",
    "\\begin{align}\n",
    "A= \\sum\\limits_{i=1}^{n-1} (n-i) = \\sum\\limits_{i=1}^{n-1} i 0 \\frac{n(n-1)}{2} \\approx \\frac{n^{2}}{2}\n",
    "\\end{align}\n",
    "$$\n",
    "\n",
    "**Vorteil.** Das Verfahren hat den Vorteil, daß es keinerlei zusätzlichen Speicher benötigt. Der Sortiervorgang läuft innerhalb der vorgelegten Originalliste ab. Das Verfahren ist außerdem sehr einfach\n",
    "zu implementieren.\n",
    "\n",
    "**Nachteil.** Ein schwerwiegender Nachteil ist die Zunahme des Aufwandes mit dem Quadrat der Listenlänge $n$. Das Verfahren ist daher nur für kurze, selten zu sortierende Listen geeignet.\n",
    "\n",
    "##### 6.3 Berechnung des geometrischen Mittelwertes\n",
    "\n",
    "\n",
    "Durch Logarithmieren der Gleichung\n",
    "\n",
    "$$\n",
    "\\begin{align}\n",
    "gm = \\sqrt[n]{x_{1} \\cdot x_{2} \\cdot ... \\cdot x_{n}}\n",
    "\\end{align}\n",
    "$$\n",
    "\n",
    "mit dem natürlichen Logarithmus $ln$ (Basis e) erhält man\n",
    "$$\n",
    "\\begin{align}\n",
    " GM &= \\ln gm = \\ln \\sqrt[n]{x_{1} \\cdot x_{2} \\cdot ... \\cdot x_{n}} \\\\\n",
    "    &= \\frac{1}{n} (\\ln x_{1} + \\ln x_{2} + ... + \\ln x_{n}) \\\\\n",
    "    &= \\frac{1}{n} \\sum\\limits_{i=1}^{n} \\ln x_{i}\n",
    "\\end{align}\n",
    "$$\n",
    "\n",
    "das heißt man berechnet zunächst den Logarithmus von $gm$ als arithmetisches Mittel der Summe der\n",
    "Logarithmen der Größen $x_{i}$ . Man erhält nun das gesuchte Ergebnis $gm$ durch Potenzierung:\n",
    "\n",
    "$$\n",
    "\\begin{align}\n",
    "gm = e^{GM} = e^{\\ln gm}\n",
    "\\end{align}\n",
    "$$\n",
    "\n",
    "##### 6.4 Einschränkungen\n",
    "**Für die Lösungen dürfen Sie aus dem Packgage `math` (`import math`) nur den natürlichen Logarithmus (`math.log()`) und die Exponentialfunktion (`math.exp()`) verwenden!**<br>\n",
    "(`math.log()`: natürlicher Logarithmus, $\\ln$ zur Basis $e$! Der Logarithmus zur Basis 10 ist `math.log10()`!)\n",
    "\n",
    "##### 6.4 Funktionstests\n",
    "Testen Sie die Ergebnisse Ihrer Lösungen **mit 200 Werten im Bereich von 0.1 bis 50.0** gegen folgende Funktionen:\n",
    "|Kennwert| Berechnungsvorschrift|\n",
    "|--------|----------------------|\n",
    "|Minimum|`min(field)`|\n",
    "|Maximum|`max(field)`|\n",
    "|Spanne|`max(field)-min(field)`|\n",
    "|Arithmetischer Mittelwert| `mean(field)` |\n",
    "|Geometrischer Mittelwert | `math.prod(field) ** (1 / n)`|\n",
    "|Quadratischer Mittelwert | `math.sqrt(sum(x**2 for x in field) / n)` |\n",
    "|Mittlere Abweichung| `sum(abs(x - m) for x in field) / n` |\n",
    "| Median | `median(field)` |\n",
    "\n",
    "mit<br>\n",
    "`n`: Anzahl der Werte des Feldes\n",
    "\n",
    "Die Beschränkung des Wertebereich von 0.1 bis 50.0 ist erforderlich, weil die Testfunktion für den Geometrischen Mittelwert bei höheren Werten nach \"Unendlich\" überläuft.\n",
    "\n",
    "Sie benötigen dafür folgende Imports:\n",
    "```\n",
    "import math\n",
    "from statistics import mean, median\n",
    "```\n",
    "Beachten Sie, dass es wegen Rundungsfehlern unwahrscheinlich ist, dass auf unterschiedliche Weise berechnete float-Werte gleich sind.<br>\n",
    "Vergleichen Sie daher den Betrag der Differenz mit einem sehr kleinen Wert:\n",
    "```\n",
    "...\n",
    "epsilon = 1E-12\n",
    "assert math.fabs(wert1-wert2) < epsilon\n",
    "```\n",
    "\n",
    "\n",
    "\n"
   ]
  },
  {
   "cell_type": "code",
   "execution_count": 1,
   "metadata": {},
   "outputs": [
    {
     "name": "stdout",
     "output_type": "stream",
     "text": [
      "Feld, frisch erzeugt:\n",
      "      92.8       63.5       33.6       30.8       28.9       62.8       38.1       16.3       68.1       11.1\n",
      "      61.9       67.0       84.9       59.1       60.9       47.0       34.8       18.8       56.1       23.2\n",
      "      79.1       42.6       46.2       57.7       35.7       13.0       10.9       71.5        3.7       12.3\n",
      "      19.3       43.9       68.9       41.1       32.0       99.0       42.8       33.0       18.6       21.4\n",
      "      25.8       20.0       69.8       27.7       90.4       57.7        3.3        1.0       80.4       77.5\n",
      "      19.3       85.1       74.8       44.2       87.7       72.8       76.4       47.9       22.3       63.5\n",
      "      51.6       43.2       11.1        8.6       21.4       28.1       26.4       87.0        5.3       65.3\n",
      "      87.6       91.4        5.9       18.6       63.4       16.8       82.6       17.8       81.5       98.5\n",
      "      26.6        8.6       37.5        8.6       61.8       57.9       64.0       99.0        2.1       97.3\n",
      "      69.0       67.4        7.2       62.4        1.8       11.9       83.7       33.1       72.0       15.0\n",
      "      86.8       46.1       37.8       84.9       67.0       86.9       33.9       64.1       12.0       60.9\n",
      "      99.3       13.3       35.0        3.8       86.6       58.4       14.1       95.5        0.6        5.1\n",
      "      83.7       13.6       14.8       15.9       14.5       40.6       19.5       32.5       40.9       77.8\n",
      "      88.9       31.9       60.2       30.0       57.1       12.0       12.8       98.7       95.3       25.2\n",
      "      58.7       69.4       81.3       88.6       33.3        1.2       61.9        0.1       29.0       31.6\n",
      "      39.1       44.3        4.6       74.3       33.0       52.1       64.9       37.0       77.8       20.8\n",
      "      39.8        2.7       68.0       56.4        8.6       76.0       44.5        5.2       38.3       85.1\n",
      "      57.5       29.3       55.6        9.9       43.1       63.8       43.3       90.0       90.5       46.7\n",
      "      46.2       25.8       80.1       46.0       67.7       39.3       31.1       73.6       30.0       69.7\n",
      "      57.1       33.2       68.0       38.3       15.8       42.9       92.7        1.8       10.9       26.7\n",
      "\n",
      "Feld, aufsteigend sortiert:\n",
      "       0.1        0.6        1.0        1.2        1.8        1.8        2.1        2.7        3.3        3.7\n",
      "       3.8        4.6        5.1        5.2        5.3        5.9        7.2        8.6        8.6        8.6\n",
      "       8.6        9.9       10.9       10.9       11.1       11.1       11.9       12.0       12.0       12.3\n",
      "      12.8       13.0       13.3       13.6       14.1       14.5       14.8       15.0       15.8       15.9\n",
      "      16.3       16.8       17.8       18.6       18.6       18.8       19.3       19.3       19.5       20.0\n",
      "      20.8       21.4       21.4       22.3       23.2       25.2       25.8       25.8       26.4       26.6\n",
      "      26.7       27.7       28.1       28.9       29.0       29.3       30.0       30.0       30.8       31.1\n",
      "      31.6       31.9       32.0       32.5       33.0       33.0       33.1       33.2       33.3       33.6\n",
      "      33.9       34.8       35.0       35.7       37.0       37.5       37.8       38.1       38.3       38.3\n",
      "      39.1       39.3       39.8       40.6       40.9       41.1       42.6       42.8       42.9       43.1\n",
      "      43.2       43.3       43.9       44.2       44.3       44.5       46.0       46.1       46.2       46.2\n",
      "      46.7       47.0       47.9       51.6       52.1       55.6       56.1       56.4       57.1       57.1\n",
      "      57.5       57.7       57.7       57.9       58.4       58.7       59.1       60.2       60.9       60.9\n",
      "      61.8       61.9       61.9       62.4       62.8       63.4       63.5       63.5       63.8       64.0\n",
      "      64.1       64.9       65.3       67.0       67.0       67.4       67.7       68.0       68.0       68.1\n",
      "      68.9       69.0       69.4       69.7       69.8       71.5       72.0       72.8       73.6       74.3\n",
      "      74.8       76.0       76.4       77.5       77.8       77.8       79.1       80.1       80.4       81.3\n",
      "      81.5       82.6       83.7       83.7       84.9       84.9       85.1       85.1       86.6       86.8\n",
      "      86.9       87.0       87.6       87.7       88.6       88.9       90.0       90.4       90.5       91.4\n",
      "      92.7       92.8       95.3       95.5       97.3       98.5       98.7       99.0       99.0       99.3\n",
      "\n",
      "Feld, absteigend sortiert:\n",
      "      99.0       99.3       99.0       98.7       98.5       97.3       95.5       95.3       92.8       92.7\n",
      "      91.4       90.5       90.4       90.0       88.9       88.6       87.7       87.6       87.0       86.9\n",
      "      86.8       86.6       85.1       85.1       84.9       84.9       83.7       83.7       82.6       81.5\n",
      "      81.3       80.4       80.1       79.1       77.8       77.8       77.5       76.4       76.0       74.8\n",
      "      74.3       73.6       72.8       72.0       71.5       69.8       69.7       69.4       69.0       68.9\n",
      "      68.1       68.0       68.0       67.7       67.4       67.0       67.0       65.3       64.9       64.1\n",
      "      64.0       63.8       63.5       63.5       63.4       62.8       62.4       61.9       61.9       61.8\n",
      "      60.9       60.9       60.2       59.1       58.7       58.4       57.9       57.7       57.7       57.5\n",
      "      57.1       57.1       56.4       56.1       55.6       52.1       51.6       47.9       47.0       46.7\n",
      "      46.2       46.2       46.1       46.0       44.5       44.3       44.2       43.9       43.3       43.2\n",
      "      43.1       42.9       42.8       42.6       41.1       40.9       40.6       39.8       39.3       39.1\n",
      "      38.3       38.3       38.1       37.8       37.5       37.0       35.7       35.0       34.8       33.9\n",
      "      33.6       33.3       33.2       33.1       33.0       33.0       32.5       32.0       31.9       31.6\n",
      "      31.1       30.8       30.0       30.0       29.3       29.0       28.9       28.1       27.7       26.7\n",
      "      26.6       26.4       25.8       25.8       25.2       23.2       22.3       21.4       21.4       20.8\n",
      "      20.0       19.5       19.3       19.3       18.8       18.6       18.6       17.8       16.8       16.3\n",
      "      15.9       15.8       15.0       14.8       14.5       14.1       13.6       13.3       13.0       12.8\n",
      "      12.3       12.0       12.0       11.9       11.1       11.1       10.9       10.9        9.9        8.6\n",
      "       8.6        8.6        8.6        7.2        5.9        5.3        5.2        5.1        4.6        3.8\n",
      "       3.7        3.3        2.7        2.1        1.8        1.8        1.2        1.0        0.6        0.1\n",
      "\n",
      "| Stat. Kennwert            | Ergebnis   |\n",
      "|---------------------------|------------|\n",
      "| Minimum                   |       0.10 |\n",
      "| Maximum                   |      99.30 |\n",
      "| Spannweite                |      99.20 |\n",
      "| Arithmetischer Mittelwert |      46.06 |\n",
      "| Geometrischer Mittelwert  |      32.62 |\n",
      "| Quadratischer Mittelwert  |      54.11 |\n",
      "| Mittlere Abweichung       |      24.63 |\n",
      "| Median                    |      43.15 |\n"
     ]
    }
   ],
   "source": [
    "# Lösung 6. Einfache statistische Kennwerte\n",
    "import math\n",
    "import random\n",
    "\n",
    "def fill_field(field, count, lower_value, upper_value):\n",
    "### BEGIN SOLUTION\n",
    "    field.clear()\n",
    "    for i in range(count):\n",
    "        rand = random.randrange(int(lower_value*10.0), int(upper_value*10.0), 1)\n",
    "        rand = rand / 10.0 \n",
    "        field.append(rand)\n",
    "### END SOLUTION\n",
    "\n",
    "    \n",
    "def print_field(field):\n",
    "### BEGIN SOLUTION\n",
    "    colIdx = 0\n",
    "    for item in field:\n",
    "        print(f\"{item:10.1f}\", end = \"\\n\" if (colIdx+1) % 10 == 0  else \" \")\n",
    "        colIdx += 1\n",
    "### END SOLUTION\n",
    "\n",
    "def change(field, idx1, idx2):\n",
    "### BEGIN SOLUTION\n",
    "    tmp = field[idx1]\n",
    "    field[idx1] = field[idx2]\n",
    "    field[idx2] = tmp\n",
    "### END SOLUTION\n",
    "\n",
    "def sort_field_ascending(field):\n",
    "### BEGIN SOLUTION\n",
    "    endIdx = len(field)\n",
    "    while (endIdx > 2):       \n",
    "        for startIdx in range(1, endIdx):\n",
    "            idx1 = startIdx-1\n",
    "            idx2 = startIdx\n",
    "            if (field[idx1] > field[idx2]):\n",
    "                change(field, idx1, idx2)\n",
    "        endIdx -= 1\n",
    "### END SOLUTION\n",
    "\n",
    "def sort_field_descending(field):\n",
    "### BEGIN SOLUTION\n",
    "    endIdx = len(field)\n",
    "    while (endIdx > 2):       \n",
    "        for startIdx in range(1, endIdx):\n",
    "            idx1 = startIdx-1\n",
    "            idx2 = startIdx\n",
    "            if (field[idx1] < field[idx2]):\n",
    "                change(field, idx1, idx2)\n",
    "        endIdx -= 1\n",
    "### END SOLUTION\n",
    "\n",
    "def minimum(field):\n",
    "### BEGIN SOLUTION\n",
    "    result = field[0]\n",
    "    for idx in range(len(field)):\n",
    "        if (field[idx] < result):\n",
    "            result = field[idx]\n",
    "### END SOLUTION\n",
    "    return result\n",
    "\n",
    "def maximum(field):\n",
    "### BEGIN SOLUTION\n",
    "    result = 0\n",
    "    result = field[0]\n",
    "    for idx in range(len(field)):\n",
    "        if (field[idx] > result):\n",
    "            result = field[idx]\n",
    "### END SOLUTION\n",
    "    return result\n",
    "\n",
    "def spread (field):\n",
    "### BEGIN SOLUTION\n",
    "    result = maximum(field) - minimum(field)\n",
    "### END SOLUTION\n",
    "    return result\n",
    "\n",
    "def arith_mean(field):\n",
    "    result = 0\n",
    "### BEGIN SOLUTION\n",
    "    for idx in range(len(field)):\n",
    "        result += field[idx]\n",
    "    result /= float(len(field))\n",
    "### END SOLUTION\n",
    "    return result\n",
    "\n",
    "def geo_mean(field):\n",
    "    result = 0\n",
    "### BEGIN SOLUTION\n",
    "    for idx in range(len(field)):\n",
    "        x_i = field[idx]\n",
    "        if (x_i <= 0):\n",
    "            raise ValueError(f\"Geometrischer Mittelwert: Wert[{idx+1}]: {x_i} ungülgiter Operand für ln!\")\n",
    "        result += math.log(x_i)\n",
    "    result /= float(len(field))\n",
    "    result = math.exp(result)\n",
    "### END SOLUTION\n",
    "    return result\n",
    "\n",
    "def square_mean(field):\n",
    "    result = 0\n",
    "### BEGIN SOLUTION\n",
    "    for idx in range(len(field)):\n",
    "        result += field[idx] * field[idx]\n",
    "    result /= float(len(field))\n",
    "    result = math.sqrt(result)\n",
    "### END SOLUTION\n",
    "    return result\n",
    "\n",
    "def mean_aberration(field):\n",
    "    result = 0\n",
    "### BEGIN SOLUTION\n",
    "    am = arith_mean(field)\n",
    "    for idx in range(len(field)):\n",
    "        result +=  math.fabs( field[idx] - am )\n",
    "    result /= float(len(field))\n",
    "### END SOLUTION\n",
    "    return result\n",
    "\n",
    "def fmedian(field):\n",
    "    result = 0\n",
    "### BEGIN SOLUTION\n",
    "    am = arith_mean(field)\n",
    "    sort_field_ascending(field)\n",
    "    ilen = int(len(field))\n",
    "    idx2 = int(ilen/2)\n",
    "    idx1 = idx2-1\n",
    "    if (len(field) % 2 == 0):\n",
    "        result = (field[idx1]+field[idx2])/2\n",
    "    else:\n",
    "        result = field[idx2]\n",
    "### END SOLUTION\n",
    "    return result\n",
    "\n",
    "def printValue(caption, value):\n",
    "    if type(value) == str:\n",
    "        print(f\"| {caption:25} | {value:10} |\")\n",
    "        print(\"|\", end=\"\")\n",
    "        print(\"-\" * 27, end=\"\")\n",
    "        print(\"|\", end=\"\")\n",
    "        print(\"-\" * 12, end=\"\")\n",
    "        print(\"|\")\n",
    "    else:\n",
    "        print(f\"| {caption:25} | {value:10.2f} |\")\n",
    "\n",
    "# Ausgabe und Tests\n",
    "try:\n",
    "# Ausgabe 200 Werte von 0 bis 100\n",
    "    N = 200\n",
    "    MIN = 0\n",
    "    MAX = 100\n",
    "    field = []\n",
    "    fill_field(field, N, MIN, MAX)\n",
    "### BEGIN SOLUTION\n",
    "    print(\"Feld, frisch erzeugt:\")\n",
    "    print_field(field)\n",
    "    print()\n",
    "\n",
    "    sort_field_ascending(field)\n",
    "    print(\"Feld, aufsteigend sortiert:\")\n",
    "    print_field(field)\n",
    "    print()\n",
    "\n",
    "    sort_field_descending(field)\n",
    "    print(\"Feld, absteigend sortiert:\")\n",
    "    print_field(field)\n",
    "\n",
    "    print()\n",
    "\n",
    "    printValue(\"Stat. Kennwert\", \"Ergebnis\")\n",
    "    printValue(\"Minimum\", minimum(field))\n",
    "    printValue(\"Maximum\", maximum(field))\n",
    "    printValue(\"Spannweite\", spread(field))\n",
    "    printValue(\"Arithmetischer Mittelwert\",arith_mean(field))\n",
    "    printValue(\"Geometrischer Mittelwert\", geo_mean(field))\n",
    "    printValue(\"Quadratischer Mittelwert\", square_mean(field))\n",
    "    printValue(\"Mittlere Abweichung\", mean_aberration(field))\n",
    "    printValue(\"Median\", fmedian(field))\n",
    "### END SOLUTION\n",
    "\n",
    "# Tests 200 Werte von 0.1 bis 50.0\n",
    "    N = 200\n",
    "    MIN = 0.1\n",
    "    MAX = 50.0\n",
    "    field = []\n",
    "    fill_field(field, N, MIN, MAX)\n",
    "except ValueError as ve:\n",
    "    print(str(ve))"
   ]
  },
  {
   "cell_type": "code",
   "execution_count": 2,
   "metadata": {},
   "outputs": [],
   "source": [
    "import math\n",
    "from statistics import mean, median\n",
    "epsilon = 1E-12\n",
    "\n",
    "field = []\n",
    "fill_field(field, 200, 0.1, 50)\n",
    "\n",
    "assert min(field) == minimum(field)\n",
    "assert max(field) == maximum(field)\n",
    "am = mean(field)\n",
    "assert math.fabs(am - arith_mean(field)) < epsilon\n",
    "assert max(field) - min(field) == spread(field)\n",
    "assert math.fabs(math.prod(field) ** (1 / len(field)) - geo_mean(field)) < epsilon\n",
    "assert math.fabs(math.sqrt(sum(x**2 for x in field) / len(field)) < square_mean(field)) < epsilon\n",
    "assert math.fabs(sum(abs(x - am) for x in field) / len(field) - mean_aberration(field)) < epsilon\n",
    "assert math.fabs(median(field) - fmedian(field)) < epsilon\n",
    "field = [1.0, 2.0, 3.0, 4.0, 5.0]\n",
    "assert 3.0 == fmedian(field)"
   ]
  }
 ],
 "metadata": {
  "kernelspec": {
   "display_name": "Python 3",
   "language": "python",
   "name": "python3"
  },
  "language_info": {
   "codemirror_mode": {
    "name": "ipython",
    "version": 3
   },
   "file_extension": ".py",
   "mimetype": "text/x-python",
   "name": "python",
   "nbconvert_exporter": "python",
   "pygments_lexer": "ipython3",
   "version": "3.11.2"
  },
  "varInspector": {
   "cols": {
    "lenName": 16,
    "lenType": 16,
    "lenVar": 40
   },
   "kernels_config": {
    "python": {
     "delete_cmd_postfix": "",
     "delete_cmd_prefix": "del ",
     "library": "var_list.py",
     "varRefreshCmd": "print(var_dic_list())"
    },
    "r": {
     "delete_cmd_postfix": ") ",
     "delete_cmd_prefix": "rm(",
     "library": "var_list.r",
     "varRefreshCmd": "cat(var_dic_list()) "
    }
   },
   "types_to_exclude": [
    "module",
    "function",
    "builtin_function_or_method",
    "instance",
    "_Feature"
   ],
   "window_display": false
  }
 },
 "nbformat": 4,
 "nbformat_minor": 4
}
